99;0
98;1
97;2
96;3
95;4
94;5
93;6
92;7
91;8
90;9
89;10
88;11
87;12
86;13
85;14
84;17
83;18
82;19
81;23
80;25
79;26
78;27
77;28
76;29
75;30
74;32
73;33
72;34
71;35
70;36
69;38
68;40
67;42
66;43
65;44
64;45
63;46
62;47
61;48
60;49
59;51
58;53
57;54
56;56
55;57
54;61
53;62
52;63
51;67
50;68
49;69
48;71
47;74
46;77
45;78
44;79
43;84
42;87
41;88
40;89
39;91
38;94
37;98
36;103
35;107
34;110
33;112
32;115
31;118
30;122
29;124
28;133
27;134
26;137
25;139
24;141
23;144
22;148
21;149
20;150
19;152
18;153
17;154
16;169
15;173
14;176
13;177
12;180
11;196
10;198
9;208
8;215
7;219
6;258
5;261
4;275
3;300
2;305
1;313
0;388
99;0
98;1
97;2
96;3
95;4
94;5
93;6
92;7
91;8
90;9
89;10
88;11
87;12
86;13
85;15
84;16
83;17
82;18
81;19
80;20
79;21
78;22
77;23
76;25
75;26
74;29
73;30
72;31
71;33
70;35
69;36
68;38
67;41
66;42
65;43
64;44
63;45
62;46
61;47
60;55
59;58
58;59
57;60
56;61
55;63
54;64
53;66
52;67
51;68
50;71
49;73
48;76
47;77
46;78
45;81
44;84
43;85
42;88
41;89
40;91
39;92
38;93
37;95
36;96
35;101
34;110
33;112
32;114
31;119
30;120
29;123
28;124
27;127
26;130
25;132
24;133
23;139
22;145
21;146
20;150
19;160
18;168
17;169
16;170
15;174
14;180
13;182
12;193
11;203
10;223
9;226
8;244
7;294
6;295
5;318
4;349
3;411
2;417
1;446
0;581
99;0
98;1
97;2
96;3
95;4
94;5
93;6
92;7
91;8
90;9
89;10
88;11
87;13
86;14
85;15
84;16
83;17
82;19
81;21
80;23
79;25
78;26
77;27
76;28
75;30
74;31
73;32
72;33
71;34
70;35
69;38
68;40
67;41
66;42
65;43
64;45
63;47
62;48
61;49
60;50
59;52
58;53
57;54
56;55
55;57
54;59
53;61
52;62
51;63
50;66
49;67
48;68
47;71
46;72
45;78
44;79
43;82
42;83
41;86
40;87
39;89
38;91
37;98
36;101
35;108
34;109
33;110
32;113
31;122
30;124
29;126
28;139
27;146
26;148
25;153
24;155
23;157
22;160
21;172
20;181
19;184
18;187
17;189
16;197
15;198
14;212
13;213
12;217
11;219
10;228
9;229
8;249
7;261
6;270
5;278
4;282
3;306
2;393
1;435
0;436
99;0
98;1
97;2
96;3
95;4
94;5
93;6
92;7
91;8
90;9
89;10
88;11
87;12
86;13
85;14
84;15
83;17
82;18
81;19
80;21
79;23
78;24
77;25
76;26
75;27
74;28
73;29
72;30
71;31
70;32
69;33
68;34
67;35
66;36
65;37
64;39
63;43
62;49
61;50
60;52
59;55
58;57
57;58
56;59
55;65
54;67
53;69
52;70
51;72
50;76
49;77
48;79
47;80
46;81
45;82
44;86
43;88
42;94
41;96
40;97
39;99
38;108
37;110
36;113
35;114
34;117
33;118
32;121
31;122
30;123
29;124
28;134
27;136
26;143
25;147
24;151
23;152
22;163
21;165
20;169
19;185
18;187
17;193
16;209
15;210
14;214
13;220
12;226
11;229
10;230
9;250
8;267
7;271
6;289
5;349
4;359
3;391
2;435
1;505
0;616
99;0
98;1
97;2
96;3
95;4
94;5
93;6
92;7
91;8
90;10
89;11
88;12
87;14
86;15
85;16
84;17
83;18
82;19
81;20
80;21
79;22
78;23
77;24
76;25
75;28
74;29
73;33
72;34
71;39
70;40
69;41
68;42
67;43
66;44
65;46
64;48
63;50
62;51
61;53
60;55
59;57
58;58
57;60
56;61
55;62
54;66
53;67
52;70
51;71
50;77
49;78
48;80
47;81
46;86
45;87
44;88
43;90
42;92
41;95
40;97
39;104
38;106
37;107
36;108
35;114
34;116
33;118
32;121
31;123
30;125
29;131
28;135
27;137
26;139
25;140
24;146
23;155
22;156
21;157
20;158
19;165
18;166
17;167
16;168
15;176
14;177
13;179
12;181
11;185
10;195
9;215
8;233
7;255
6;256
5;285
4;294
3;380
2;418
1;494
0;534
99;0
98;1
97;2
96;5
95;6
94;7
93;8
92;9
91;10
90;11
89;12
88;13
87;14
86;15
85;16
84;17
83;19
82;20
81;21
80;22
79;23
78;25
77;26
76;27
75;28
74;29
73;30
72;31
71;34
70;35
69;36
68;37
67;42
66;43
65;44
64;45
63;46
62;47
61;48
60;49
59;52
58;54
57;58
56;60
55;62
54;65
53;68
52;70
51;71
50;77
49;78
48;81
47;82
46;84
45;85
44;88
43;89
42;90
41;92
40;94
39;97
38;98
37;100
36;103
35;104
34;105
33;108
32;109
31;111
30;112
29;114
28;117
27;146
26;150
25;153
24;160
23;164
22;170
21;197
20;211
19;221
18;225
17;226
16;227
15;231
14;232
13;233
12;235
11;245
10;255
9;263
8;324
7;342
6;344
5;358
4;374
3;375
2;484
1;518
0;590
99;0
98;1
97;2
96;3
95;5
94;6
93;7
92;8
91;9
90;10
89;11
88;12
87;13
86;14
85;15
84;16
83;18
82;19
81;21
80;22
79;25
78;26
77;27
76;28
75;29
74;30
73;31
72;32
71;33
70;34
69;36
68;40
67;41
66;42
65;43
64;45
63;47
62;48
61;50
60;51
59;52
58;53
57;55
56;59
55;61
54;62
53;63
52;64
51;67
50;68
49;72
48;74
47;77
46;79
45;82
44;91
43;92
42;95
41;98
40;101
39;103
38;104
37;106
36;108
35;112
34;119
33;122
32;124
31;127
30;129
29;131
28;132
27;135
26;138
25;148
24;156
23;164
22;165
21;172
20;177
19;179
18;181
17;192
16;195
15;208
14;214
13;225
12;226
11;237
10;239
9;261
8;262
7;263
6;311
5;314
4;326
3;360
2;432
1;451
0;524
99;0
98;1
97;2
96;3
95;4
94;5
93;6
92;7
91;8
90;10
89;11
88;12
87;13
86;14
85;15
84;16
83;17
82;18
81;19
80;20
79;21
78;22
77;23
76;24
75;26
74;27
73;28
72;29
71;30
70;31
69;32
68;33
67;35
66;36
65;37
64;39
63;41
62;43
61;44
60;47
59;48
58;49
57;51
56;53
55;56
54;57
53;60
52;61
51;62
50;66
49;68
48;69
47;71
46;76
45;79
44;80
43;81
42;82
41;83
40;84
39;86
38;89
37;95
36;96
35;100
34;102
33;104
32;105
31;106
30;107
29;114
28;121
27;124
26;125
25;130
24;132
23;135
22;136
21;143
20;153
19;156
18;157
17;170
16;183
15;195
14;197
13;209
12;216
11;224
10;240
9;250
8;252
7;258
6;261
5;272
4;300
3;319
2;355
1;398
0;465
99;0
98;1
97;2
96;3
95;4
94;5
93;6
92;8
91;9
90;10
89;11
88;12
87;13
86;14
85;15
84;16
83;17
82;19
81;20
80;22
79;23
78;24
77;25
76;26
75;27
74;28
73;30
72;32
71;33
70;34
69;35
68;36
67;37
66;39
65;40
64;41
63;43
62;45
61;46
60;47
59;49
58;51
57;52
56;54
55;55
54;57
53;60
52;61
51;63
50;64
49;65
48;70
47;73
46;75
45;76
44;78
43;83
42;84
41;85
40;86
39;89
38;92
37;94
36;96
35;97
34;103
33;107
32;108
31;113
30;115
29;116
28;117
27;119
26;123
25;135
24;141
23;143
22;147
21;148
20;150
19;151
18;184
17;187
16;192
15;197
14;213
13;215
12;229
11;237
10;240
9;241
8;243
7;286
6;306
5;337
4;339
3;341
2;344
1;466
0;468
99;0
98;1
97;2
96;3
95;4
94;5
93;6
92;7
91;8
90;9
89;10
88;11
87;12
86;14
85;15
84;16
83;17
82;18
81;19
80;20
79;21
78;22
77;23
76;24
75;25
74;27
73;29
72;31
71;32
70;36
69;37
68;40
67;41
66;42
65;46
64;47
63;52
62;53
61;56
60;57
59;61
58;62
57;63
56;64
55;65
54;67
53;71
52;76
51;78
50;82
49;83
48;84
47;85
46;87
45;92
44;93
43;94
42;95
41;97
40;99
39;104
38;110
37;111
36;118
35;123
34;125
33;127
32;130
31;138
30;139
29;142
28;143
27;147
26;149
25;151
24;155
23;157
22;164
21;166
20;180
19;182
18;185
17;187
16;198
15;201
14;212
13;213
12;214
11;219
10;223
9;227
8;233
7;246
6;253
5;269
4;277
3;283
2;284
1;359
0;499
99;0
98;1
97;2
96;3
95;4
94;5
93;6
92;7
91;8
90;9
89;10
88;11
87;12
86;13
85;15
84;16
83;17
82;18
81;19
80;20
79;21
78;22
77;23
76;24
75;25
74;28
73;29
72;30
71;31
70;32
69;33
68;34
67;36
66;37
65;38
64;39
63;41
62;42
61;45
60;47
59;49
58;51
57;52
56;55
55;57
54;58
53;62
52;63
51;65
50;66
49;67
48;68
47;70
46;72
45;76
44;81
43;84
42;85
41;87
40;92
39;93
38;96
37;97
36;99
35;100
34;104
33;105
32;108
31;110
30;112
29;113
28;116
27;118
26;120
25;124
24;126
23;128
22;129
21;130
20;135
19;138
18;143
17;145
16;146
15;151
14;165
13;175
12;177
11;184
10;197
9;211
8;223
7;238
6;300
5;315
4;349
3;369
2;492
1;520
0;588
99;0
98;1
97;2
96;3
95;4
94;5
93;6
92;7
91;8
90;9
89;10
88;11
87;12
86;13
85;14
84;15
83;17
82;18
81;19
80;20
79;23
78;24
77;25
76;26
75;27
74;28
73;29
72;30
71;31
70;32
69;34
68;35
67;36
66;37
65;38
64;39
63;40
62;44
61;45
60;46
59;50
58;62
57;63
56;64
55;65
54;66
53;70
52;71
51;74
50;76
49;78
48;84
47;85
46;86
45;87
44;89
43;90
42;92
41;93
40;95
39;97
38;98
37;101
36;102
35;103
34;111
33;115
32;116
31;119
30;123
29;126
28;127
27;132
26;136
25;140
24;146
23;151
22;159
21;165
20;169
19;172
18;182
17;186
16;187
15;200
14;209
13;232
12;235
11;238
10;239
9;257
8;273
7;317
6;331
5;342
4;378
3;423
2;432
1;597
0;608
99;0
98;1
97;2
96;3
95;4
94;5
93;6
92;7
91;8
90;9
89;10
88;12
87;13
86;14
85;15
84;16
83;17
82;19
81;20
80;21
79;22
78;24
77;25
76;26
75;27
74;28
73;29
72;33
71;34
70;36
69;37
68;38
67;39
66;41
65;43
64;47
63;49
62;50
61;52
60;53
59;56
58;59
57;60
56;62
55;63
54;64
53;70
52;71
51;72
50;73
49;75
48;77
47;78
46;80
45;82
44;84
43;85
42;87
41;89
40;91
39;93
38;95
37;103
36;106
35;116
34;118
33;124
32;126
31;131
30;132
29;134
28;145
27;153
26;159
25;163
24;174
23;176
22;178
21;181
20;214
19;216
18;224
17;225
16;227
15;229
14;238
13;241
12;244
11;248
10;259
9;270
8;272
7;273
6;283
5;292
4;333
3;337
2;409
1;445
0;500
99;0
98;1
97;3
96;4
95;5
94;6
93;8
92;9
91;10
90;12
89;14
88;15
87;16
86;17
85;19
84;20
83;21
82;22
81;23
80;25
79;26
78;27
77;28
76;29
75;30
74;31
73;34
72;35
71;37
70;38
69;39
68;41
67;42
66;44
65;46
64;47
63;50
62;51
61;53
60;57
59;58
58;59
57;61
56;62
55;64
54;66
53;67
52;68
51;71
50;72
49;73
48;75
47;76
46;82
45;86
44;87
43;91
42;93
41;94
40;95
39;96
38;99
37;100
36;104
35;105
34;107
33;110
32;111
31;113
30;114
29;120
28;122
27;124
26;135
25;137
24;149
23;157
22;160
21;161
20;166
19;174
18;180
17;181
16;183
15;187
14;201
13;208
12;209
11;251
10;253
9;264
8;271
7;275
6;278
5;283
4;307
3;336
2;355
1;474
0;633
99;0
98;1
97;2
96;3
95;4
94;5
93;6
92;7
91;8
90;9
89;10
88;11
87;12
86;13
85;14
84;15
83;16
82;17
81;18
80;19
79;22
78;25
77;26
76;29
75;30
74;31
73;34
72;36
71;37
70;38
69;39
68;40
67;41
66;42
65;44
64;45
63;48
62;50
61;53
60;54
59;55
58;56
57;57
56;58
55;60
54;61
53;62
52;63
51;66
50;67
49;68
48;69
47;70
46;71
45;75
44;76
43;82
42;86
41;88
40;90
39;92
38;99
37;101
36;102
35;106
34;108
33;110
32;115
31;116
30;121
29;123
28;125
27;127
26;130
25;134
24;144
23;149
22;155
21;157
20;160
19;161
18;167
17;182
16;184
15;197
14;207
13;208
12;211
11;223
10;224
9;235
8;251
7;252
6;254
5;272
4;325
3;380
2;387
1;388
0;463
99;0
98;1
97;2
96;3
95;4
94;5
93;6
92;7
91;8
90;9
89;10
88;11
87;12
86;14
85;15
84;16
83;17
82;18
81;20
80;21
79;22
78;23
77;24
76;25
75;28
74;29
73;32
72;33
71;34
70;35
69;36
68;38
67;40
66;43
65;44
64;45
63;47
62;50
61;52
60;53
59;54
58;55
57;56
56;58
55;61
54;66
53;68
52;69
51;72
50;75
49;77
48;80
47;82
46;86
45;90
44;91
43;94
42;95
41;103
40;106
39;107
38;108
37;109
36;110
35;113
34;116
33;117
32;119
31;120
30;123
29;126
28;128
27;132
26;137
25;140
24;146
23;147
22;151
21;157
20;158
19;169
18;173
17;182
16;185
15;196
14;206
13;216
12;232
11;235
10;240
9;244
8;245
7;261
6;262
5;314
4;318
3;339
2;363
1;386
0;503
99;0
98;1
97;2
96;3
95;4
94;5
93;6
92;7
91;8
90;9
89;10
88;12
87;13
86;14
85;15
84;16
83;17
82;19
81;20
80;21
79;22
78;23
77;26
76;27
75;28
74;29
73;30
72;31
71;32
70;34
69;37
68;38
67;40
66;42
65;43
64;44
63;45
62;47
61;48
60;49
59;50
58;52
57;53
56;55
55;56
54;57
53;59
52;60
51;61
50;63
49;65
48;66
47;67
46;74
45;76
44;79
43;80
42;84
41;85
40;87
39;88
38;93
37;94
36;95
35;97
34;98
33;106
32;108
31;110
30;111
29;113
28;115
27;123
26;127
25;146
24;147
23;149
22;151
21;152
20;155
19;156
18;157
17;161
16;162
15;164
14;167
13;169
12;170
11;180
10;187
9;189
8;241
7;264
6;266
5;275
4;292
3;293
2;306
1;320
0;483
99;0
98;1
97;2
96;3
95;4
94;5
93;6
92;7
91;9
90;10
89;12
88;13
87;14
86;15
85;16
84;18
83;19
82;20
81;21
80;22
79;23
78;24
77;26
76;27
75;28
74;29
73;30
72;31
71;33
70;34
69;36
68;39
67;40
66;41
65;42
64;43
63;45
62;48
61;49
60;50
59;51
58;52
57;55
56;60
55;62
54;65
53;66
52;67
51;68
50;72
49;73
48;74
47;75
46;79
45;83
44;86
43;87
42;89
41;95
40;101
39;109
38;121
37;122
36;123
35;125
34;126
33;129
32;130
31;138
30;139
29;141
28;142
27;143
26;146
25;150
24;153
23;154
22;155
21;159
20;164
19;168
18;172
17;173
16;179
15;188
14;192
13;194
12;208
11;209
10;214
9;236
8;262
7;272
6;297
5;305
4;371
3;442
2;451
1;483
0;615
99;0
98;1
97;2
96;3
95;4
94;5
93;6
92;7
91;8
90;9
89;11
88;12
87;13
86;14
85;15
84;16
83;17
82;19
81;20
80;21
79;22
78;24
77;25
76;26
75;27
74;29
73;32
72;33
71;34
70;35
69;36
68;38
67;40
66;41
65;42
64;44
63;46
62;47
61;48
60;50
59;51
58;52
57;53
56;57
55;61
54;62
53;64
52;65
51;71
50;72
49;76
48;77
47;78
46;80
45;81
44;82
43;84
42;85
41;88
40;89
39;92
38;93
37;96
36;97
35;99
34;100
33;102
32;106
31;110
30;113
29;114
28;115
27;116
26;117
25;137
24;141
23;142
22;154
21;166
20;170
19;171
18;173
17;174
16;183
15;188
14;192
13;194
12;198
11;208
10;209
9;217
8;239
7;264
6;272
5;281
4;291
3;318
2;359
1;360
0;458
99;0
98;1
97;3
96;4
95;5
94;6
93;7
92;8
91;9
90;11
89;12
88;13
87;15
86;16
85;17
84;18
83;19
82;20
81;21
80;22
79;23
78;24
77;25
76;26
75;27
74;28
73;29
72;30
71;31
70;32
69;33
68;35
67;36
66;39
65;40
64;42
63;43
62;44
61;47
60;50
59;52
58;53
57;54
56;55
55;57
54;61
53;68
52;69
51;71
50;73
49;74
48;77
47;78
46;79
45;81
44;86
43;89
42;90
41;91
40;92
39;93
38;96
37;99
36;102
35;104
34;106
33;110
32;112
31;114
30;115
29;116
28;119
27;122
26;127
25;128
24;129
23;131
22;134
21;138
20;142
19;159
18;161
17;165
16;173
15;186
14;187
13;194
12;202
11;207
10;219
9;233
8;236
7;293
6;320
5;330
4;333
3;336
2;364
1;381
0;415
99;0
98;1
97;2
96;3
95;4
94;5
93;6
92;7
91;8
90;9
89;10
88;11
87;13
86;14
85;15
84;16
83;19
82;21
81;22
80;24
79;25
78;27
77;28
76;29
75;30
74;31
73;32
72;34
71;35
70;36
69;38
68;41
67;42
66;44
65;46
64;47
63;48
62;50
61;51
60;55
59;56
58;57
57;58
56;59
55;60
54;61
53;62
52;63
51;64
50;67
49;68
48;69
47;70
46;71
45;72
44;75
43;76
42;78
41;79
40;82
39;84
38;88
37;90
36;103
35;104
34;105
33;106
32;110
31;113
30;116
29;119
28;124
27;125
26;128
25;133
24;135
23;137
22;144
21;159
20;163
19;192
18;215
17;225
16;226
15;240
14;248
13;261
12;262
11;266
10;267
9;276
8;298
7;322
6;333
5;344
4;355
3;363
2;413
1;487
0;495
99;0
98;1
97;2
96;3
95;4
94;5
93;6
92;7
91;8
90;9
89;10
88;11
87;12
86;13
85;14
84;15
83;16
82;18
81;19
80;20
79;21
78;22
77;23
76;24
75;26
74;28
73;29
72;30
71;31
70;32
69;34
68;36
67;38
66;42
65;43
64;44
63;45
62;48
61;49
60;50
59;51
58;55
57;58
56;62
55;63
54;64
53;66
52;68
51;70
50;73
49;75
48;76
47;77
46;83
45;84
44;85
43;87
42;89
41;93
40;95
39;100
38;104
37;108
36;109
35;117
34;118
33;119
32;124
31;127
30;128
29;130
28;133
27;134
26;135
25;141
24;144
23;150
22;165
21;166
20;167
19;169
18;174
17;177
16;186
15;203
14;204
13;210
12;223
11;224
10;226
9;244
8;252
7;254
6;268
5;341
4;393
3;427
2;431
1;484
0;679
99;0
98;1
97;2
96;3
95;4
94;5
93;6
92;7
91;8
90;9
89;10
88;11
87;12
86;13
85;15
84;16
83;17
82;18
81;19
80;20
79;21
78;22
77;23
76;24
75;25
74;26
73;27
72;28
71;29
70;31
69;32
68;34
67;38
66;39
65;40
64;42
63;43
62;44
61;45
60;46
59;53
58;55
57;57
56;59
55;60
54;61
53;64
52;65
51;68
50;70
49;71
48;73
47;75
46;79
45;80
44;81
43;83
42;85
41;86
40;87
39;91
38;93
37;94
36;96
35;98
34;99
33;101
32;103
31;105
30;110
29;115
28;118
27;120
26;123
25;130
24;131
23;134
22;135
21;136
20;139
19;140
18;141
17;147
16;153
15;156
14;159
13;160
12;164
11;168
10;173
9;187
8;190
7;235
6;244
5;248
4;255
3;258
2;265
1;280
0;304
99;0
98;1
97;2
96;3
95;4
94;5
93;6
92;8
91;9
90;10
89;11
88;12
87;13
86;14
85;15
84;17
83;18
82;19
81;20
80;21
79;22
78;23
77;26
76;27
75;28
74;29
73;30
72;31
71;32
70;33
69;34
68;35
67;36
66;37
65;38
64;39
63;44
62;45
61;46
60;48
59;50
58;51
57;52
56;53
55;54
54;55
53;56
52;57
51;58
50;62
49;65
48;68
47;69
46;70
45;77
44;80
43;81
42;82
41;84
40;85
39;86
38;87
37;94
36;95
35;96
34;99
33;100
32;101
31;104
30;105
29;106
28;108
27;110
26;111
25;112
24;117
23;118
22;130
21;133
20;134
19;137
18;138
17;160
16;163
15;177
14;196
13;201
12;202
11;208
10;209
9;286
8;294
7;308
6;319
5;321
4;324
3;352
2;358
1;389
0;571
99;0
98;1
97;2
96;3
95;4
94;5
93;6
92;7
91;8
90;9
89;10
88;11
87;12
86;14
85;15
84;16
83;20
82;21
81;22
80;23
79;24
78;25
77;26
76;27
75;28
74;29
73;30
72;31
71;32
70;33
69;35
68;36
67;37
66;38
65;39
64;40
63;42
62;44
61;46
60;47
59;48
58;50
57;51
56;52
55;53
54;54
53;55
52;56
51;58
50;63
49;64
48;65
47;67
46;69
45;71
44;74
43;78
42;79
41;82
40;83
39;84
38;87
37;88
36;90
35;93
34;100
33;106
32;109
31;110
30;114
29;115
28;118
27;119
26;121
25;123
24;125
23;126
22;127
21;137
20;140
19;141
18;143
17;171
16;173
15;187
14;192
13;195
12;199
11;211
10;220
9;226
8;227
7;236
6;249
5;260
4;263
3;266
2;367
1;472
0;543
99;0
98;1
97;2
96;3
95;4
94;5
93;6
92;8
91;9
90;10
89;12
88;14
87;15
86;16
85;17
84;19
83;20
82;21
81;22
80;24
79;25
78;26
77;27
76;29
75;31
74;32
73;33
72;34
71;35
70;37
69;38
68;39
67;40
66;41
65;44
64;45
63;46
62;47
61;48
60;49
59;50
58;52
57;55
56;59
55;62
54;66
53;68
52;69
51;70
50;71
49;73
48;76
47;77
46;79
45;80
44;82
43;84
42;85
41;90
40;92
39;94
38;95
37;106
36;109
35;110
34;111
33;113
32;114
31;116
30;121
29;133
28;134
27;139
26;140
25;144
24;154
23;160
22;161
21;162
20;163
19;164
18;176
17;183
16;189
15;203
14;215
13;223
12;224
11;239
10;257
9;285
8;298
7;300
6;316
5;422
4;470
3;556
2;589
1;864
0;898
99;0
98;1
97;2
96;3
95;4
94;5
93;6
92;7
91;8
90;9
89;11
88;13
87;14
86;16
85;17
84;18
83;19
82;20
81;21
80;22
79;23
78;24
77;26
76;27
75;29
74;31
73;32
72;33
71;34
70;36
69;41
68;44
67;45
66;46
65;47
64;48
63;52
62;53
61;55
60;56
59;57
58;59
57;60
56;62
55;63
54;66
53;70
52;73
51;74
50;75
49;81
48;82
47;84
46;85
45;86
44;91
43;92
42;95
41;96
40;98
39;102
38;105
37;107
36;108
35;109
34;113
33;115
32;117
31;119
30;122
29;123
28;126
27;127
26;132
25;133
24;134
23;136
22;137
21;157
20;159
19;165
18;167
17;174
16;176
15;193
14;198
13;200
12;207
11;214
10;220
9;222
8;224
7;226
6;227
5;230
4;262
3;264
2;278
1;367
0;455
99;0
98;1
97;2
96;3
95;4
94;5
93;6
92;7
91;8
90;9
89;11
88;12
87;13
86;14
85;15
84;16
83;17
82;18
81;19
80;20
79;21
78;23
77;24
76;25
75;27
74;29
73;30
72;31
71;32
70;33
69;34
68;35
67;38
66;39
65;40
64;41
63;43
62;44
61;45
60;47
59;48
58;49
57;51
56;53
55;54
54;55
53;56
52;57
51;58
50;59
49;62
48;63
47;65
46;66
45;67
44;68
43;69
42;70
41;74
40;77
39;78
38;79
37;80
36;82
35;83
34;89
33;92
32;93
31;95
30;101
29;103
28;104
27;107
26;109
25;111
24;114
23;118
22;120
21;130
20;135
19;139
18;140
17;151
16;164
15;178
14;187
13;192
12;195
11;229
10;244
9;258
8;268
7;281
6;286
5;287
4;325
3;338
2;359
1;399
0;437
99;0
98;1
97;2
96;3
95;4
94;5
93;7
92;8
91;9
90;10
89;11
88;12
87;13
86;14
85;15
84;16
83;17
82;18
81;19
80;20
79;21
78;23
77;24
76;26
75;27
74;28
73;31
72;32
71;35
70;37
69;38
68;39
67;40
66;41
65;42
64;43
63;44
62;45
61;50
60;51
59;54
58;57
57;58
56;59
55;60
54;63
53;64
52;65
51;72
50;78
49;80
48;81
47;83
46;87
45;88
44;89
43;92
42;93
41;95
40;96
39;97
38;102
37;103
36;109
35;111
34;115
33;117
32;121
31;124
30;126
29;130
28;143
27;146
26;153
25;160
24;161
23;167
22;172
21;173
20;175
19;184
18;185
17;188
16;191
15;199
14;201
13;203
12;207
11;216
10;219
9;220
8;224
7;230
6;234
5;239
4;253
3;286
2;289
1;354
0;484
99;0
98;2
97;3
96;4
95;5
94;6
93;7
92;8
91;9
90;10
89;12
88;13
87;14
86;15
85;16
84;17
83;18
82;19
81;20
80;21
79;22
78;23
77;24
76;26
75;28
74;29
73;30
72;32
71;33
70;37
69;40
68;41
67;42
66;43
65;45
64;48
63;49
62;50
61;51
60;52
59;53
58;54
57;57
56;60
55;61
54;62
53;63
52;64
51;69
50;72
49;74
48;76
47;80
46;81
45;82
44;85
43;86
42;88
41;91
40;97
39;102
38;109
37;112
36;115
35;116
34;119
33;129
32;141
31;142
30;143
29;152
28;153
27;159
26;164
25;168
24;175
23;179
22;193
21;194
20;195
19;202
18;210
17;226
16;229
15;242
14;247
13;251
12;257
11;261
10;269
9;278
8;284
7;289
6;301
5;340
4;353
3;358
2;369
1;381
0;393
99;0
98;1
97;2
96;3
95;4
94;5
93;6
92;7
91;9
90;10
89;11
88;12
87;13
86;14
85;15
84;16
83;17
82;18
81;19
80;20
79;21
78;22
77;27
76;28
75;29
74;30
73;31
72;32
71;33
70;34
69;35
68;36
67;37
66;38
65;40
64;41
63;44
62;45
61;46
60;47
59;48
58;49
57;50
56;53
55;54
54;55
53;56
52;57
51;58
50;60
49;61
48;62
47;64
46;65
45;67
44;70
43;71
42;72
41;75
40;77
39;79
38;80
37;81
36;84
35;85
34;89
33;90
32;91
31;95
30;96
29;99
28;103
27;110
26;117
25;119
24;125
23;126
22;128
21;129
20;130
19;133
18;138
17;140
16;143
15;147
14;149
13;157
12;158
11;176
10;177
9;178
8;185
7;210
6;214
5;229
4;272
3;316
2;328
1;382
0;393
99;0
98;1
97;2
96;3
95;4
94;5
93;6
92;7
91;8
90;9
89;10
88;11
87;12
86;13
85;14
84;15
83;16
82;17
81;19
80;20
79;21
78;22
77;23
76;24
75;25
74;26
73;27
72;28
71;29
70;30
69;31
68;32
67;33
66;34
65;38
64;39
63;40
62;42
61;44
60;47
59;48
58;49
57;52
56;53
55;54
54;55
53;56
52;57
51;59
50;60
49;61
48;62
47;63
46;64
45;65
44;66
43;67
42;68
41;69
40;72
39;74
38;76
37;79
36;81
35;82
34;83
33;86
32;88
31;89
30;95
29;98
28;102
27;113
26;115
25;124
24;132
23;133
22;134
21;138
20;139
19;143
18;144
17;145
16;148
15;149
14;154
13;159
12;163
11;189
10;197
9;241
8;250
7;251
6;253
5;260
4;318
3;379
2;418
1;457
0;495
99;0
98;1
97;2
96;3
95;4
94;5
93;6
92;7
91;8
90;9
89;10
88;11
87;12
86;13
85;16
84;17
83;18
82;19
81;20
80;23
79;24
78;25
77;26
76;28
75;29
74;30
73;33
72;34
71;37
70;40
69;41
68;42
67;43
66;45
65;49
64;50
63;51
62;52
61;54
60;55
59;59
58;63
57;64
56;66
55;69
54;74
53;75
52;81
51;85
50;86
49;88
48;89
47;90
46;91
45;96
44;98
43;99
42;100
41;105
40;106
39;113
38;116
37;118
36;119
35;123
34;125
33;127
32;132
31;134
30;136
29;138
28;140
27;143
26;154
25;164
24;166
23;170
22;181
21;183
20;186
19;189
18;191
17;193
16;200
15;205
14;207
13;208
12;216
11;232
10;234
9;238
8;241
7;243
6;266
5;278
4;280
3;289
2;332
1;393
0;539
99;0
98;1
97;2
96;3
95;4
94;5
93;7
92;8
91;9
90;10
89;12
88;13
87;14
86;15
85;16
84;17
83;18
82;19
81;21
80;22
79;23
78;24
77;25
76;26
75;27
74;28
73;29
72;31
71;32
70;34
69;35
68;36
67;37
66;38
65;39
64;41
63;42
62;43
61;45
60;46
59;47
58;50
57;51
56;54
55;55
54;56
53;60
52;62
51;66
50;70
49;72
48;74
47;75
46;76
45;77
44;78
43;80
42;83
41;85
40;86
39;90
38;92
37;95
36;96
35;103
34;104
33;108
32;110
31;111
30;113
29;116
28;118
27;120
26;130
25;135
24;138
23;139
22;141
21;142
20;160
19;171
18;173
17;175
16;186
15;187
14;193
13;203
12;205
11;209
10;212
9;215
8;227
7;231
6;256
5;277
4;281
3;357
2;374
1;407
0;434
99;0
98;1
97;2
96;3
95;4
94;5
93;6
92;7
91;8
90;9
89;10
88;11
87;12
86;13
85;14
84;15
83;16
82;19
81;20
80;21
79;22
78;24
77;25
76;26
75;27
74;28
73;29
72;31
71;33
70;34
69;35
68;36
67;37
66;38
65;41
64;42
63;43
62;44
61;46
60;47
59;52
58;53
57;54
56;55
55;57
54;58
53;59
52;62
51;64
50;65
49;69
48;70
47;71
46;72
45;73
44;74
43;76
42;77
41;79
40;80
39;82
38;87
37;88
36;90
35;103
34;106
33;108
32;110
31;120
30;122
29;127
28;129
27;135
26;139
25;144
24;146
23;151
22;154
21;156
20;163
19;170
18;185
17;205
16;207
15;211
14;217
13;219
12;220
11;223
10;228
9;231
8;252
7;262
6;267
5;302
4;322
3;387
2;419
1;480
0;650
99;0
98;1
97;2
96;3
95;4
94;5
93;6
92;7
91;8
90;9
89;10
88;11
87;13
86;15
85;17
84;18
83;19
82;20
81;21
80;22
79;23
78;24
77;25
76;26
75;27
74;28
73;29
72;30
71;31
70;33
69;34
68;35
67;36
66;37
65;38
64;39
63;40
62;44
61;45
60;46
59;50
58;53
57;54
56;58
55;60
54;61
53;64
52;65
51;69
50;70
49;73
48;78
47;79
46;82
45;84
44;88
43;89
42;90
41;92
40;94
39;97
38;112
37;113
36;118
35;119
34;120
33;124
32;127
31;130
30;134
29;139
28;141
27;142
26;144
25;147
24;152
23;159
22;164
21;170
20;171
19;173
18;176
17;185
16;189
15;197
14;199
13;200
12;204
11;209
10;210
9;213
8;218
7;221
6;229
5;253
4;261
3;323
2;335
1;383
0;431
99;0
98;1
97;2
96;3
95;4
94;5
93;6
92;7
91;8
90;9
89;10
88;11
87;12
86;15
85;17
84;19
83;20
82;21
81;23
80;24
79;25
78;26
77;27
76;28
75;29
74;31
73;32
72;33
71;34
70;35
69;37
68;38
67;39
66;40
65;41
64;42
63;45
62;47
61;48
60;49
59;50
58;51
57;52
56;53
55;55
54;56
53;57
52;60
51;63
50;64
49;65
48;67
47;68
46;69
45;72
44;76
43;78
42;79
41;80
40;88
39;89
38;91
37;92
36;93
35;102
34;105
33;107
32;108
31;111
30;118
29;119
28;126
27;133
26;136
25;139
24;143
23;154
22;159
21;162
20;171
19;179
18;187
17;200
16;206
15;214
14;220
13;224
12;225
11;229
10;241
9;242
8;246
7;271
6;293
5;299
4;317
3;318
2;434
1;467
0;600
99;0
98;1
97;2
96;3
95;4
94;5
93;6
92;8
91;9
90;10
89;11
88;12
87;13
86;14
85;15
84;16
83;17
82;18
81;19
80;20
79;21
78;22
77;25
76;26
75;27
74;28
73;30
72;31
71;32
70;34
69;36
68;38
67;39
66;40
65;43
64;45
63;46
62;47
61;48
60;50
59;51
58;52
57;53
56;55
55;56
54;58
53;61
52;62
51;63
50;65
49;66
48;71
47;74
46;75
45;76
44;77
43;80
42;81
41;82
40;83
39;86
38;87
37;89
36;91
35;95
34;100
33;101
32;104
31;106
30;107
29;108
28;120
27;122
26;124
25;125
24;132
23;143
22;147
21;156
20;158
19;159
18;172
17;177
16;182
15;216
14;217
13;241
12;242
11;255
10;265
9;272
8;319
7;325
6;359
5;370
4;406
3;409
2;417
1;443
0;451
99;0
98;1
97;2
96;3
95;4
94;5
93;6
92;7
91;8
90;9
89;10
88;11
87;12
86;13
85;14
84;15
83;17
82;18
81;19
80;20
79;22
78;23
77;24
76;25
75;26
74;28
73;31
72;33
71;36
70;38
69;39
68;40
67;41
66;42
65;44
64;46
63;47
62;49
61;52
60;53
59;58
58;59
57;60
56;61
55;62
54;63
53;66
52;67
51;69
50;70
49;71
48;72
47;74
46;76
45;80
44;81
43;82
42;83
41;84
40;86
39;87
38;88
37;89
36;90
35;91
34;94
33;95
32;100
31;101
30;107
29;110
28;111
27;114
26;117
25;118
24;129
23;137
22;140
21;141
20;142
19;146
18;147
17;156
16;157
15;158
14;163
13;165
12;171
11;172
10;181
9;237
8;259
7;262
6;270
5;355
4;361
3;402
2;455
1;457
0;497
99;0
98;1
97;2
96;3
95;4
94;5
93;6
92;7
91;8
90;9
89;10
88;11
87;12
86;13
85;14
84;15
83;16
82;17
81;19
80;20
79;21
78;22
77;23
76;25
75;26
74;27
73;29
72;30
71;32
70;33
69;34
68;36
67;40
66;42
65;45
64;46
63;47
62;50
61;51
60;54
59;55
58;56
57;57
56;58
55;60
54;61
53;62
52;64
51;65
50;66
49;70
48;71
47;74
46;75
45;77
44;78
43;79
42;81
41;83
40;86
39;87
38;90
37;94
36;97
35;102
34;104
33;105
32;111
31;112
30;116
29;117
28;120
27;125
26;126
25;127
24;128
23;130
22;135
21;142
20;143
19;146
18;147
17;148
16;151
15;157
14;161
13;164
12;177
11;194
10;196
9;208
8;230
7;242
6;249
5;264
4;272
3;276
2;316
1;336
0;391
99;0
98;1
97;2
96;3
95;4
94;5
93;6
92;7
91;8
90;9
89;10
88;11
87;12
86;13
85;14
84;15
83;16
82;17
81;18
80;20
79;21
78;22
77;23
76;25
75;26
74;27
73;29
72;32
71;33
70;34
69;35
68;36
67;37
66;38
65;39
64;44
63;45
62;46
61;47
60;48
59;50
58;52
57;53
56;54
55;55
54;56
53;57
52;59
51;60
50;61
49;63
48;66
47;71
46;73
45;74
44;81
43;88
42;90
41;91
40;94
39;97
38;98
37;99
36;105
35;106
34;111
33;115
32;120
31;121
30;125
29;133
28;139
27;140
26;145
25;149
24;154
23;158
22;160
21;164
20;176
19;188
18;202
17;206
16;209
15;212
14;214
13;224
12;225
11;240
10;243
9;253
8;262
7;271
6;276
5;295
4;303
3;324
2;336
1;369
0;405
99;0
98;1
97;2
96;3
95;4
94;7
93;8
92;9
91;10
90;11
89;12
88;13
87;14
86;15
85;16
84;17
83;18
82;19
81;20
80;21
79;22
78;23
77;24
76;25
75;28
74;29
73;30
72;34
71;36
70;37
69;38
68;39
67;40
66;41
65;42
64;43
63;44
62;46
61;49
60;51
59;53
58;54
57;56
56;57
55;58
54;61
53;62
52;69
51;71
50;73
49;75
48;76
47;78
46;79
45;83
44;84
43;85
42;86
41;88
40;92
39;93
38;95
37;97
36;99
35;101
34;103
33;107
32;110
31;112
30;115
29;116
28;126
27;130
26;131
25;137
24;138
23;140
22;143
21;144
20;148
19;152
18;153
17;160
16;166
15;168
14;184
13;207
12;209
11;231
10;232
9;236
8;249
7;252
6;257
5;280
4;283
3;303
2;308
1;338
0;339
99;0
98;1
97;2
96;3
95;4
94;5
93;6
92;7
91;8
90;9
89;10
88;12
87;13
86;14
85;15
84;16
83;17
82;19
81;20
80;21
79;22
78;23
77;24
76;25
75;27
74;28
73;29
72;31
71;33
70;34
69;35
68;37
67;38
66;41
65;42
64;45
63;46
62;48
61;49
60;50
59;52
58;54
57;59
56;62
55;65
54;67
53;72
52;73
51;74
50;76
49;78
48;80
47;81
46;82
45;83
44;84
43;92
42;93
41;96
40;99
39;103
38;105
37;108
36;112
35;113
34;115
33;119
32;120
31;121
30;122
29;124
28;127
27;128
26;136
25;137
24;144
23;146
22;159
21;160
20;165
19;174
18;186
17;191
16;200
15;201
14;204
13;217
12;233
11;241
10;249
9;251
8;254
7;258
6;268
5;289
4;297
3;327
2;343
1;489
0;522
99;0
98;1
97;3
96;4
95;5
94;6
93;7
92;8
91;9
90;10
89;11
88;12
87;13
86;14
85;15
84;16
83;17
82;18
81;19
80;21
79;22
78;24
77;25
76;27
75;28
74;29
73;31
72;32
71;34
70;36
69;37
68;38
67;39
66;40
65;42
64;43
63;44
62;48
61;50
60;52
59;53
58;54
57;55
56;56
55;58
54;59
53;60
52;61
51;63
50;64
49;66
48;68
47;69
46;70
45;71
44;74
43;76
42;78
41;79
40;80
39;82
38;83
37;84
36;85
35;89
34;90
33;96
32;98
31;100
30;102
29;104
28;107
27;114
26;126
25;139
24;142
23;146
22;147
21;150
20;160
19;162
18;167
17;169
16;173
15;174
14;177
13;184
12;187
11;196
10;205
9;208
8;228
7;235
6;263
5;295
4;335
3;363
2;376
1;382
0;408
99;0
98;1
97;2
96;3
95;4
94;5
93;6
92;8
91;9
90;10
89;11
88;12
87;13
86;14
85;15
84;16
83;17
82;18
81;19
80;21
79;22
78;23
77;24
76;25
75;26
74;27
73;28
72;29
71;30
70;34
69;35
68;36
67;37
66;38
65;40
64;43
63;44
62;45
61;46
60;49
59;50
58;53
57;55
56;58
55;59
54;63
53;65
52;68
51;69
50;70
49;72
48;74
47;75
46;76
45;77
44;80
43;81
42;83
41;84
40;85
39;87
38;92
37;96
36;97
35;99
34;105
33;106
32;113
31;120
30;122
29;125
28;132
27;133
26;141
25;145
24;151
23;167
22;181
21;184
20;191
19;199
18;206
17;218
16;226
15;243
14;248
13;250
12;276
11;281
10;331
9;336
8;346
7;371
6;410
5;427
4;434
3;438
2;449
1;458
0;662
99;0
98;1
97;2
96;3
95;4
94;6
93;7
92;8
91;9
90;10
89;11
88;12
87;13
86;14
85;15
84;16
83;17
82;18
81;19
80;20
79;21
78;24
77;25
76;26
75;27
74;29
73;31
72;32
71;34
70;35
69;37
68;39
67;40
66;45
65;48
64;49
63;51
62;53
61;55
60;56
59;60
58;62
57;65
56;66
55;67
54;69
53;70
52;74
51;75
50;76
49;78
48;80
47;81
46;85
45;86
44;88
43;89
42;92
41;94
40;95
39;97
38;100
37;110
36;116
35;123
34;135
33;138
32;143
31;144
30;149
29;150
28;151
27;168
26;170
25;171
24;172
23;173
22;174
21;178
20;186
19;191
18;197
17;200
16;210
15;219
14;223
13;226
12;236
11;248
10;261
9;278
8;285
7;292
6;304
5;316
4;319
3;372
2;471
1;494
0;582
99;0
98;1
97;2
96;3
95;4
94;5
93;6
92;7
91;8
90;9
89;10
88;11
87;12
86;13
85;14
84;15
83;16
82;19
81;20
80;21
79;22
78;23
77;24
76;25
75;26
74;27
73;28
72;29
71;30
70;31
69;32
68;33
67;34
66;36
65;38
64;39
63;40
62;41
61;42
60;46
59;48
58;51
57;53
56;55
55;58
54;59
53;65
52;66
51;68
50;72
49;75
48;76
47;77
46;83
45;84
44;86
43;89
42;91
41;95
40;97
39;99
38;101
37;106
36;108
35;109
34;110
33;119
32;120
31;123
30;129
29;130
28;135
27;137
26;138
25;141
24;144
23;152
22;154
21;159
20;167
19;169
18;182
17;185
16;186
15;191
14;203
13;205
12;223
11;230
10;231
9;243
8;252
7;262
6;270
5;273
4;283
3;309
2;346
1;361
0;541
99;0
98;1
97;2
96;3
95;4
94;5
93;6
92;7
91;8
90;9
89;10
88;11
87;12
86;14
85;15
84;16
83;17
82;18
81;20
80;21
79;22
78;23
77;24
76;26
75;27
74;29
73;30
72;32
71;33
70;35
69;36
68;38
67;43
66;44
65;45
64;48
63;50
62;53
61;54
60;55
59;56
58;60
57;61
56;62
55;63
54;64
53;69
52;70
51;72
50;74
49;75
48;76
47;78
46;79
45;81
44;82
43;83
42;84
41;86
40;89
39;90
38;95
37;98
36;102
35;110
34;112
33;115
32;117
31;118
30;123
29;124
28;127
27;130
26;132
25;133
24;136
23;141
22;142
21;148
20;151
19;153
18;154
17;171
16;175
15;180
14;189
13;197
12;212
11;215
10;218
9;224
8;266
7;277
6;280
5;284
4;310
3;419
2;420
1;517
0;548
99;0
98;1
97;2
96;3
95;4
94;5
93;6
92;7
91;8
90;9
89;10
88;11
87;12
86;13
85;14
84;15
83;17
82;18
81;20
80;21
79;22
78;23
77;24
76;25
75;26
74;28
73;29
72;30
71;31
70;32
69;33
68;34
67;35
66;36
65;37
64;38
63;39
62;40
61;43
60;45
59;48
58;49
57;50
56;53
55;54
54;55
53;56
52;57
51;58
50;59
49;60
48;64
47;65
46;67
45;68
44;69
43;70
42;71
41;75
40;76
39;80
38;83
37;85
36;87
35;88
34;89
33;90
32;91
31;92
30;94
29;97
28;99
27;105
26;109
25;116
24;117
23;119
22;120
21;125
20;128
19;130
18;140
17;148
16;150
15;163
14;165
13;174
12;177
11;188
10;193
9;219
8;225
7;230
6;254
5;278
4;285
3;288
2;365
1;397
0;411
99;0
98;1
97;2
96;3
95;4
94;5
93;6
92;7
91;9
90;10
89;11
88;12
87;13
86;14
85;15
84;16
83;17
82;18
81;19
80;20
79;21
78;22
77;25
76;26
75;27
74;28
73;29
72;30
71;32
70;33
69;34
68;35
67;36
66;37
65;39
64;40
63;41
62;42
61;45
60;46
59;48
58;52
57;53
56;55
55;57
54;59
53;60
52;61
51;62
50;64
49;65
48;69
47;71
46;74
45;76
44;79
43;84
42;85
41;86
40;88
39;89
38;90
37;92
36;94
35;95
34;97
33;102
32;103
31;104
30;105
29;109
28;110
27;115
26;122
25;126
24;127
23;138
22;140
21;145
20;148
19;154
18;156
17;167
16;170
15;172
14;184
13;193
12;196
11;205
10;211
9;212
8;213
7;223
6;229
5;230
4;237
3;250
2;319
1;392
0;429
99;0
98;1
97;2
96;3
95;4
94;5
93;6
92;7
91;8
90;9
89;10
88;11
87;12
86;13
85;14
84;15
83;16
82;17
81;18
80;19
79;20
78;21
77;22
76;23
75;24
74;25
73;30
72;31
71;33
70;34
69;35
68;36
67;37
66;38
65;39
64;41
63;42
62;43
61;45
60;47
59;49
58;50
57;51
56;52
55;53
54;55
53;57
52;58
51;59
50;60
49;61
48;65
47;67
46;68
45;69
44;73
43;74
42;77
41;79
40;81
39;83
38;84
37;85
36;86
35;87
34;88
33;90
32;92
31;97
30;103
29;110
28;115
27;117
26;118
25;122
24;124
23;126
22;127
21;130
20;136
19;141
18;144
17;159
16;160
15;164
14;175
13;188
12;190
11;194
10;204
9;212
8;213
7;236
6;240
5;260
4;287
3;335
2;394
1;475
0;512
99;0
98;2
97;3
96;4
95;5
94;6
93;7
92;8
91;9
90;10
89;11
88;12
87;13
86;14
85;15
84;16
83;17
82;18
81;19
80;21
79;22
78;23
77;24
76;26
75;28
74;29
73;30
72;31
71;32
70;33
69;35
68;36
67;38
66;41
65;44
64;45
63;46
62;47
61;51
60;52
59;55
58;56
57;57
56;58
55;59
54;60
53;61
52;62
51;63
50;64
49;69
48;73
47;76
46;77
45;78
44;79
43;81
42;83
41;84
40;85
39;86
38;88
37;94
36;98
35;99
34;102
33;104
32;106
31;107
30;112
29;113
28;117
27;128
26;130
25;136
24;138
23;141
22;145
21;147
20;165
19;166
18;167
17;169
16;174
15;187
14;190
13;210
12;244
11;250
10;263
9;276
8;281
7;299
6;301
5;325
4;327
3;362
2;365
1;399
0;490
99;0
98;1
97;2
96;3
95;4
94;5
93;6
92;7
91;8
90;9
89;10
88;11
87;12
86;13
85;14
84;16
83;19
82;20
81;21
80;22
79;23
78;24
77;26
76;27
75;28
74;30
73;31
72;32
71;33
70;34
69;36
68;37
67;38
66;39
65;42
64;43
63;44
62;46
61;48
60;51
59;52
58;53
57;55
56;56
55;63
54;65
53;66
52;67
51;69
50;72
49;76
48;77
47;78
46;79
45;84
44;85
43;86
42;87
41;88
40;91
39;92
38;95
37;96
36;97
35;100
34;106
33;107
32;110
31;111
30;112
29;115
28;116
27;117
26;118
25;122
24;125
23;126
22;129
21;130
20;140
19;141
18;144
17;146
16;153
15;157
14;158
13;168
12;169
11;172
10;196
9;200
8;202
7;250
6;256
5;270
4;274
3;278
2;282
1;294
0;403
99;0
98;1
97;2
96;3
95;4
94;5
93;6
92;7
91;8
90;9
89;10
88;11
87;12
86;13
85;14
84;15
83;16
82;17
81;19
80;20
79;21
78;22
77;23
76;24
75;25
74;26
73;27
72;28
71;30
70;31
69;32
68;33
67;34
66;35
65;36
64;39
63;40
62;41
61;43
60;47
59;48
58;51
57;52
56;53
55;59
54;61
53;62
52;63
51;64
50;65
49;71
48;72
47;75
46;77
45;78
44;80
43;82
42;83
41;86
40;88
39;89
38;97
37;98
36;102
35;109
34;110
33;111
32;112
31;113
30;119
29;125
28;130
27;135
26;136
25;139
24;143
23;145
22;147
21;148
20;151
19;157
18;159
17;160
16;162
15;172
14;178
13;193
12;198
11;203
10;221
9;227
8;230
7;261
6;282
5;287
4;297
3;330
2;388
1;438
0;518
99;0
98;1
97;2
96;3
95;4
94;5
93;6
92;7
91;9
90;10
89;11
88;12
87;14
86;15
85;16
84;18
83;19
82;20
81;21
80;22
79;23
78;24
77;25
76;26
75;27
74;28
73;29
72;30
71;32
70;34
69;35
68;36
67;37
66;38
65;39
64;42
63;45
62;53
61;55
60;56
59;57
58;60
57;62
56;64
55;65
54;66
53;68
52;73
51;74
50;75
49;77
48;80
47;81
46;83
45;87
44;90
43;91
42;95
41;96
40;102
39;110
38;113
37;116
36;117
35;119
34;121
33;137
32;140
31;141
30;143
29;161
28;166
27;173
26;177
25;180
24;189
23;200
22;203
21;205
20;206
19;210
18;213
17;220
16;222
15;227
14;237
13;242
12;246
11;259
10;281
9;285
8;312
7;374
6;376
5;470
4;494
3;503
2;518
1;594
0;620
99;0
98;1
97;2
96;3
95;4
94;5
93;8
92;10
91;12
90;13
89;14
88;15
87;16
86;17
85;18
84;19
83;21
82;22
81;24
80;25
79;26
78;27
77;29
76;30
75;31
74;32
73;35
72;36
71;38
70;39
69;40
68;42
67;43
66;44
65;45
64;47
63;49
62;50
61;51
60;52
59;56
58;57
57;58
56;59
55;60
54;63
53;65
52;66
51;68
50;69
49;71
48;72
47;73
46;74
45;75
44;80
43;83
42;90
41;91
40;94
39;95
38;97
37;101
36;107
35;113
34;114
33;115
32;117
31;118
30;119
29;120
28;122
27;123
26;128
25;143
24;148
23;152
22;153
21;155
20;158
19;162
18;163
17;172
16;176
15;193
14;197
13;210
12;212
11;217
10;222
9;225
8;230
7;246
6;252
5;285
4;321
3;387
2;404
1;451
0;977
99;0
98;1
97;2
96;3
95;4
94;5
93;6
92;7
91;9
90;10
89;11
88;12
87;14
86;15
85;16
84;17
83;18
82;19
81;20
80;21
79;22
78;23
77;24
76;26
75;27
74;29
73;30
72;31
71;32
70;33
69;34
68;35
67;36
66;37
65;38
64;39
63;40
62;41
61;43
60;45
59;47
58;48
57;49
56;50
55;51
54;52
53;53
52;55
51;57
50;58
49;59
48;65
47;66
46;67
45;68
44;72
43;74
42;75
41;83
40;85
39;87
38;88
37;92
36;93
35;95
34;96
33;97
32;99
31;100
30;101
29;109
28;112
27;115
26;119
25;124
24;127
23;133
22;134
21;137
20;149
19;157
18;161
17;162
16;179
15;183
14;184
13;190
12;215
11;224
10;233
9;237
8;238
7;262
6;271
5;274
4;294
3;298
2;305
1;313
0;400
99;0
98;1
97;2
96;3
95;4
94;5
93;6
92;7
91;8
90;9
89;10
88;11
87;12
86;13
85;15
84;16
83;17
82;19
81;20
80;22
79;24
78;25
77;26
76;27
75;28
74;31
73;33
72;34
71;36
70;37
69;38
68;39
67;42
66;43
65;44
64;46
63;49
62;50
61;51
60;52
59;54
58;56
57;57
56;58
55;60
54;61
53;63
52;71
51;72
50;77
49;78
48;82
47;86
46;87
45;88
44;90
43;91
42;94
41;99
40;100
39;103
38;106
37;107
36;110
35;112
34;116
33;120
32;121
31;138
30;139
29;140
28;146
27;149
26;157
25;173
24;176
23;178
22;179
21;182
20;188
19;204
18;206
17;214
16;217
15;224
14;227
13;232
12;256
11;259
10;279
9;286
8;287
7;296
6;313
5;336
4;338
3;419
2;455
1;499
0;534
99;0
98;1
97;2
96;3
95;5
94;6
93;7
92;8
91;9
90;10
89;11
88;12
87;13
86;14
85;15
84;16
83;17
82;18
81;19
80;20
79;21
78;22
77;23
76;24
75;25
74;26
73;27
72;29
71;30
70;31
69;33
68;36
67;37
66;38
65;39
64;42
63;43
62;44
61;45
60;46
59;47
58;48
57;49
56;52
55;55
54;57
53;58
52;61
51;62
50;64
49;65
48;68
47;72
46;75
45;77
44;78
43;79
42;81
41;82
40;85
39;88
38;90
37;91
36;93
35;94
34;96
33;101
32;104
31;108
30;110
29;111
28;115
27;122
26;127
25;130
24;131
23;135
22;137
21;139
20;149
19;150
18;157
17;162
16;163
15;165
14;168
13;186
12;200
11;216
10;223
9;233
8;240
7;261
6;276
5;279
4;326
3;332
2;335
1;342
0;455
99;0
98;1
97;2
96;3
95;4
94;5
93;7
92;8
91;9
90;10
89;11
88;12
87;13
86;15
85;18
84;19
83;20
82;21
81;22
80;23
79;24
78;25
77;26
76;27
75;28
74;29
73;31
72;32
71;33
70;38
69;39
68;41
67;42
66;43
65;44
64;45
63;46
62;47
61;48
60;49
59;50
58;52
57;53
56;54
55;56
54;57
53;58
52;60
51;61
50;65
49;67
48;71
47;72
46;74
45;76
44;77
43;80
42;82
41;83
40;84
39;86
38;88
37;89
36;92
35;100
34;103
33;111
32;113
31;115
30;116
29;117
28;118
27;122
26;123
25;131
24;137
23;145
22;149
21;152
20;155
19;157
18;162
17;167
16;174
15;188
14;190
13;204
12;216
11;222
10;234
9;268
8;269
7;295
6;298
5;319
4;326
3;385
2;411
1;436
0;450
99;0
98;1
97;2
96;3
95;4
94;5
93;6
92;7
91;8
90;10
89;11
88;12
87;13
86;14
85;16
84;17
83;18
82;19
81;20
80;21
79;22
78;23
77;24
76;25
75;26
74;27
73;28
72;32
71;34
70;35
69;36
68;37
67;38
66;39
65;41
64;42
63;45
62;46
61;47
60;48
59;49
58;50
57;51
56;53
55;57
54;58
53;59
52;61
51;65
50;67
49;68
48;69
47;70
46;71
45;73
44;75
43;76
42;78
41;79
40;81
39;85
38;86
37;88
36;89
35;90
34;91
33;101
32;102
31;105
30;109
29;110
28;113
27;115
26;116
25;131
24;133
23;143
22;149
21;155
20;160
19;162
18;167
17;175
16;179
15;180
14;186
13;188
12;193
11;197
10;211
9;217
8;219
7;251
6;266
5;277
4;279
3;283
2;312
1;333
0;334
99;0
98;1
97;2
96;4
95;5
94;7
93;9
92;10
91;11
90;12
89;13
88;14
87;15
86;16
85;17
84;18
83;19
82;20
81;21
80;22
79;24
78;25
77;26
76;27
75;28
74;29
73;30
72;31
71;35
70;36
69;37
68;38
67;40
66;43
65;44
64;45
63;46
62;49
61;53
60;54
59;55
58;57
57;58
56;61
55;62
54;65
53;67
52;69
51;70
50;71
49;72
48;81
47;83
46;87
45;90
44;91
43;93
42;95
41;96
40;99
39;100
38;101
37;105
36;107
35;109
34;111
33;115
32;116
31;119
30;120
29;122
28;123
27;125
26;132
25;134
24;136
23;139
22;144
21;151
20;152
19;154
18;155
17;161
16;166
15;185
14;199
13;202
12;203
11;212
10;231
9;256
8;264
7;284
6;319
5;321
4;325
3;361
2;363
1;392
0;440
99;0
98;1
97;2
96;3
95;4
94;5
93;6
92;8
91;9
90;10
89;11
88;12
87;13
86;14
85;15
84;17
83;18
82;19
81;20
80;21
79;23
78;24
77;25
76;26
75;27
74;29
73;30
72;31
71;32
70;33
69;34
68;35
67;36
66;38
65;39
64;40
63;41
62;42
61;43
60;44
59;45
58;46
57;48
56;49
55;51
54;52
53;53
52;54
51;56
50;59
49;61
48;63
47;65
46;67
45;68
44;70
43;72
42;73
41;77
40;78
39;79
38;81
37;82
36;83
35;86
34;94
33;99
32;102
31;109
30;114
29;117
28;118
27;119
26;123
25;131
24;136
23;137
22;138
21;139
20;142
19;147
18;150
17;151
16;166
15;171
14;182
13;197
12;210
11;237
10;238
9;250
8;268
7;297
6;308
5;314
4;315
3;346
2;384
1;492
0;530
99;0
98;1
97;2
96;3
95;4
94;5
93;6
92;7
91;8
90;9
89;11
88;12
87;13
86;14
85;15
84;17
83;18
82;19
81;20
80;22
79;23
78;24
77;25
76;26
75;27
74;28
73;32
72;33
71;34
70;35
69;36
68;38
67;39
66;42
65;43
64;44
63;46
62;47
61;48
60;50
59;52
58;53
57;54
56;55
55;59
54;60
53;61
52;62
51;63
50;64
49;66
48;69
47;72
46;74
45;75
44;76
43;80
42;81
41;84
40;85
39;89
38;91
37;92
36;94
35;98
34;99
33;102
32;109
31;115
30;118
29;121
28;124
27;125
26;141
25;147
24;150
23;152
22;153
21;169
20;172
19;185
18;190
17;203
16;213
15;220
14;225
13;251
12;264
11;267
10;279
9;295
8;310
7;312
6;317
5;323
4;370
3;381
2;403
1;406
0;414
99;0
98;1
97;2
96;3
95;4
94;5
93;6
92;8
91;9
90;10
89;11
88;12
87;13
86;14
85;15
84;17
83;18
82;19
81;20
80;21
79;22
78;24
77;28
76;29
75;30
74;31
73;32
72;33
71;34
70;35
69;36
68;37
67;38
66;39
65;40
64;41
63;44
62;46
61;47
60;48
59;50
58;52
57;53
56;55
55;56
54;57
53;58
52;59
51;62
50;63
49;64
48;68
47;73
46;75
45;78
44;79
43;83
42;84
41;88
40;90
39;91
38;101
37;107
36;109
35;111
34;121
33;125
32;132
31;139
30;146
29;150
28;152
27;158
26;163
25;167
24;169
23;185
22;186
21;194
20;199
19;201
18;208
17;221
16;223
15;228
14;243
13;244
12;257
11;263
10;273
9;274
8;288
7;305
6;328
5;345
4;363
3;373
2;378
1;392
0;478
99;0
98;1
97;2
96;3
95;4
94;5
93;6
92;7
91;8
90;9
89;10
88;11
87;12
86;13
85;14
84;15
83;16
82;17
81;18
80;21
79;23
78;24
77;25
76;26
75;27
74;28
73;29
72;30
71;31
70;32
69;33
68;37
67;38
66;39
65;41
64;44
63;45
62;46
61;47
60;48
59;50
58;51
57;52
56;54
55;55
54;58
53;59
52;60
51;61
50;65
49;66
48;68
47;70
46;73
45;74
44;75
43;76
42;79
41;80
40;81
39;86
38;87
37;92
36;94
35;95
34;98
33;100
32;102
31;103
30;104
29;105
28;106
27;109
26;111
25;112
24;115
23;120
22;121
21;127
20;130
19;135
18;137
17;163
16;172
15;173
14;175
13;183
12;194
11;228
10;233
9;242
8;249
7;260
6;293
5;303
4;309
3;322
2;329
1;361
0;405
99;0
98;1
97;2
96;3
95;4
94;5
93;6
92;7
91;8
90;9
89;10
88;11
87;12
86;13
85;14
84;15
83;16
82;17
81;19
80;20
79;21
78;22
77;23
76;24
75;25
74;27
73;29
72;31
71;32
70;36
69;38
68;39
67;40
66;42
65;44
64;46
63;48
62;49
61;51
60;52
59;53
58;54
57;55
56;57
55;58
54;59
53;60
52;61
51;62
50;63
49;64
48;66
47;70
46;74
45;75
44;77
43;82
42;85
41;89
40;91
39;96
38;98
37;100
36;103
35;105
34;106
33;109
32;111
31;115
30;116
29;118
28;120
27;121
26;123
25;128
24;129
23;133
22;136
21;139
20;148
19;150
18;153
17;155
16;157
15;160
14;163
13;176
12;200
11;204
10;219
9;228
8;229
7;261
6;266
5;270
4;293
3;296
2;317
1;327
0;402
99;0
98;1
97;2
96;3
95;5
94;6
93;7
92;8
91;9
90;10
89;11
88;12
87;13
86;15
85;17
84;19
83;20
82;23
81;24
80;25
79;26
78;27
77;28
76;29
75;30
74;31
73;32
72;33
71;34
70;35
69;36
68;37
67;38
66;40
65;41
64;42
63;44
62;45
61;47
60;48
59;51
58;54
57;56
56;57
55;58
54;59
53;60
52;61
51;62
50;63
49;65
48;66
47;68
46;70
45;77
44;81
43;85
42;87
41;90
40;91
39;92
38;93
37;94
36;98
35;100
34;101
33;115
32;117
31;118
30;120
29;122
28;124
27;127
26;131
25;136
24;138
23;143
22;145
21;147
20;151
19;154
18;160
17;163
16;165
15;175
14;179
13;181
12;182
11;196
10;200
9;201
8;212
7;219
6;229
5;272
4;294
3;324
2;357
1;382
0;668
99;0
98;1
97;2
96;3
95;4
94;5
93;6
92;7
91;9
90;10
89;11
88;12
87;13
86;14
85;15
84;16
83;17
82;18
81;20
80;21
79;22
78;23
77;24
76;25
75;26
74;27
73;28
72;29
71;30
70;31
69;34
68;35
67;37
66;38
65;39
64;40
63;41
62;44
61;47
60;48
59;52
58;54
57;58
56;59
55;60
54;64
53;65
52;67
51;68
50;69
49;70
48;76
47;78
46;79
45;80
44;82
43;84
42;86
41;89
40;90
39;91
38;93
37;94
36;98
35;102
34;103
33;104
32;105
31;118
30;120
29;121
28;123
27;126
26;128
25;129
24;134
23;138
22;139
21;147
20;151
19;162
18;164
17;176
16;179
15;184
14;188
13;197
12;203
11;213
10;238
9;254
8;256
7;260
6;303
5;312
4;316
3;346
2;409
1;475
0;924
99;0
98;1
97;2
96;4
95;5
94;6
93;7
92;8
91;9
90;10
89;11
88;12
87;13
86;14
85;15
84;16
83;18
82;20
81;21
80;24
79;25
78;26
77;30
76;31
75;32
74;34
73;37
72;38
71;39
70;40
69;42
68;45
67;46
66;47
65;50
64;51
63;53
62;54
61;56
60;57
59;59
58;63
57;64
56;65
55;66
54;69
53;72
52;73
51;74
50;76
49;77
48;78
47;81
46;82
45;83
44;85
43;87
42;90
41;91
40;92
39;94
38;97
37;98
36;102
35;105
34;106
33;107
32;110
31;113
30;115
29;119
28;121
27;122
26;126
25;130
24;131
23;137
22;144
21;149
20;150
19;154
18;159
17;160
16;164
15;166
14;169
13;176
12;177
11;184
10;191
9;212
8;213
7;215
6;244
5;251
4;275
3;307
2;317
1;325
0;633
99;0
98;1
97;2
96;3
95;4
94;5
93;6
92;7
91;8
90;9
89;10
88;11
87;12
86;13
85;14
84;15
83;16
82;17
81;18
80;19
79;20
78;21
77;24
76;26
75;27
74;29
73;30
72;31
71;32
70;33
69;34
68;36
67;37
66;38
65;39
64;41
63;42
62;43
61;44
60;45
59;47
58;52
57;54
56;55
55;56
54;59
53;63
52;64
51;67
50;68
49;71
48;72
47;75
46;77
45;80
44;81
43;82
42;84
41;85
40;88
39;96
38;97
37;103
36;105
35;108
34;112
33;119
32;122
31;124
30;127
29;128
28;135
27;137
26;140
25;141
24;142
23;143
22;148
21;149
20;154
19;156
18;162
17;169
16;173
15;177
14;179
13;185
12;186
11;198
10;201
9;207
8;210
7;215
6;226
5;252
4;257
3;273
2;289
1;370
0;614
99;0
98;1
97;2
96;3
95;4
94;5
93;6
92;7
91;8
90;9
89;10
88;11
87;12
86;13
85;15
84;16
83;17
82;18
81;20
80;24
79;25
78;26
77;27
76;28
75;29
74;31
73;32
72;35
71;36
70;38
69;39
68;40
67;41
66;42
65;44
64;45
63;46
62;47
61;49
60;51
59;55
58;58
57;59
56;60
55;61
54;62
53;64
52;66
51;67
50;69
49;70
48;71
47;72
46;73
45;77
44;78
43;79
42;81
41;82
40;83
39;84
38;87
37;88
36;89
35;90
34;94
33;96
32;98
31;99
30;103
29;104
28;107
27;109
26;111
25;112
24;116
23;120
22;123
21;134
20;142
19;145
18;146
17;148
16;172
15;179
14;181
13;189
12;204
11;206
10;252
9;295
8;313
7;321
6;323
5;331
4;340
3;347
2;357
1;362
0;380
99;0
98;1
97;2
96;3
95;4
94;5
93;6
92;7
91;8
90;9
89;10
88;11
87;12
86;13
85;14
84;16
83;17
82;18
81;19
80;20
79;23
78;24
77;25
76;26
75;27
74;29
73;30
72;31
71;32
70;33
69;34
68;36
67;37
66;38
65;39
64;42
63;43
62;44
61;46
60;47
59;48
58;49
57;50
56;53
55;54
54;56
53;57
52;59
51;60
50;62
49;63
48;64
47;67
46;68
45;70
44;76
43;79
42;82
41;83
40;85
39;89
38;94
37;95
36;96
35;98
34;99
33;103
32;106
31;110
30;116
29;117
28;125
27;128
26;129
25;130
24;131
23;134
22;137
21;142
20;149
19;151
18;157
17;170
16;180
15;187
14;189
13;198
12;199
11;208
10;216
9;219
8;220
7;258
6;307
5;313
4;368
3;414
2;489
1;497
0;522
99;0
98;1
97;2
96;3
95;5
94;6
93;7
92;8
91;9
90;10
89;11
88;12
87;13
86;14
85;15
84;16
83;17
82;18
81;19
80;20
79;21
78;23
77;24
76;25
75;26
74;28
73;29
72;30
71;31
70;32
69;33
68;40
67;41
66;42
65;43
64;45
63;46
62;47
61;48
60;50
59;51
58;53
57;55
56;56
55;58
54;61
53;62
52;64
51;68
50;69
49;70
48;72
47;73
46;75
45;76
44;81
43;82
42;83
41;91
40;92
39;94
38;97
37;100
36;102
35;104
34;106
33;110
32;111
31;113
30;114
29;117
28;118
27;122
26;124
25;125
24;129
23;131
22;133
21;143
20;144
19;153
18;155
17;161
16;168
15;169
14;178
13;188
12;190
11;204
10;210
9;213
8;255
7;265
6;283
5;293
4;320
3;326
2;379
1;466
0;727
99;0
98;1
97;2
96;3
95;4
94;5
93;6
92;7
91;8
90;9
89;10
88;12
87;13
86;14
85;15
84;17
83;19
82;20
81;21
80;22
79;23
78;25
77;26
76;28
75;29
74;30
73;31
72;32
71;33
70;35
69;36
68;37
67;39
66;40
65;41
64;42
63;46
62;47
61;51
60;52
59;53
58;55
57;56
56;59
55;60
54;61
53;63
52;64
51;67
50;74
49;76
48;77
47;79
46;80
45;81
44;86
43;87
42;88
41;91
40;92
39;95
38;97
37;98
36;99
35;100
34;104
33;105
32;107
31;109
30;111
29;119
28;123
27;124
26;131
25;136
24;143
23;145
22;151
21;157
20;161
19;172
18;181
17;185
16;192
15;198
14;202
13;207
12;209
11;215
10;226
9;242
8;254
7;263
6;310
5;329
4;330
3;337
2;423
1;440
0;509
99;0
98;1
97;2
96;3
95;4
94;5
93;6
92;7
91;8
90;9
89;11
88;12
87;13
86;14
85;15
84;16
83;17
82;18
81;19
80;20
79;22
78;23
77;25
76;26
75;27
74;28
73;29
72;30
71;31
70;32
69;33
68;34
67;37
66;39
65;40
64;41
63;42
62;43
61;44
60;47
59;49
58;51
57;52
56;53
55;55
54;56
53;57
52;60
51;61
50;62
49;66
48;68
47;70
46;72
45;78
44;80
43;81
42;83
41;86
40;88
39;95
38;100
37;106
36;107
35;109
34;111
33;112
32;115
31;125
30;128
29;131
28;134
27;136
26;141
25;144
24;145
23;148
22;149
21;152
20;153
19;156
18;158
17;160
16;161
15;165
14;166
13;175
12;190
11;204
10;213
9;224
8;237
7;238
6;247
5;256
4;262
3;282
2;306
1;330
0;370
99;0
98;1
97;2
96;3
95;4
94;5
93;6
92;7
91;8
90;9
89;10
88;11
87;12
86;13
85;14
84;16
83;17
82;18
81;19
80;20
79;21
78;23
77;24
76;25
75;26
74;27
73;28
72;29
71;30
70;32
69;33
68;35
67;36
66;37
65;39
64;40
63;41
62;42
61;43
60;45
59;46
58;48
57;50
56;52
55;54
54;55
53;59
52;60
51;61
50;62
49;64
48;65
47;69
46;71
45;75
44;79
43;80
42;81
41;82
40;86
39;92
38;93
37;96
36;98
35;99
34;101
33;103
32;106
31;107
30;109
29;113
28;114
27;117
26;119
25;121
24;123
23;124
22;127
21;134
20;136
19;149
18;151
17;155
16;160
15;165
14;168
13;182
12;184
11;189
10;196
9;200
8;216
7;225
6;234
5;275
4;278
3;294
2;299
1;318
0;456
99;0
98;1
97;2
96;3
95;4
94;5
93;6
92;7
91;8
90;9
89;10
88;11
87;12
86;13
85;14
84;15
83;16
82;17
81;19
80;21
79;23
78;24
77;25
76;26
75;27
74;30
73;31
72;33
71;34
70;35
69;37
68;38
67;39
66;41
65;42
64;48
63;50
62;52
61;54
60;55
59;56
58;57
57;58
56;62
55;64
54;65
53;66
52;68
51;69
50;70
49;74
48;75
47;76
46;77
45;80
44;82
43;85
42;86
41;87
40;88
39;93
38;96
37;101
36;104
35;107
34;111
33;112
32;113
31;114
30;115
29;118
28;122
27;124
26;131
25;147
24;151
23;156
22;158
21;163
20;165
19;170
18;177
17;179
16;182
15;199
14;204
13;207
12;212
11;214
10;258
9;284
8;305
7;319
6;335
5;341
4;371
3;458
2;462
1;613
0;816
99;0
98;1
97;2
96;3
95;4
94;5
93;6
92;7
91;8
90;9
89;10
88;11
87;12
86;13
85;14
84;15
83;16
82;17
81;18
80;20
79;21
78;22
77;23
76;24
75;25
74;26
73;27
72;28
71;29
70;30
69;32
68;34
67;35
66;36
65;38
64;42
63;45
62;50
61;52
60;55
59;56
58;57
57;58
56;59
55;60
54;61
53;62
52;63
51;67
50;71
49;80
48;81
47;83
46;88
45;92
44;95
43;98
42;99
41;101
40;103
39;105
38;109
37;111
36;112
35;113
34;115
33;119
32;121
31;126
30;129
29;130
28;132
27;134
26;138
25;140
24;142
23;145
22;149
21;150
20;154
19;158
18;159
17;169
16;175
15;180
14;193
13;201
12;203
11;211
10;212
9;231
8;261
7;294
6;297
5;321
4;363
3;383
2;417
1;429
0;529
99;0
98;1
97;2
96;3
95;4
94;5
93;6
92;7
91;8
90;9
89;10
88;11
87;12
86;13
85;14
84;15
83;16
82;18
81;19
80;20
79;21
78;23
77;24
76;25
75;26
74;27
73;28
72;29
71;30
70;31
69;32
68;35
67;36
66;37
65;38
64;39
63;40
62;42
61;43
60;45
59;48
58;49
57;50
56;54
55;55
54;58
53;62
52;63
51;65
50;68
49;69
48;76
47;77
46;79
45;80
44;82
43;85
42;90
41;93
40;94
39;96
38;97
37;109
36;113
35;117
34;118
33;119
32;121
31;125
30;129
29;133
28;134
27;139
26;150
25;162
24;164
23;166
22;173
21;178
20;184
19;196
18;198
17;201
16;202
15;208
14;229
13;232
12;247
11;268
10;280
9;300
8;301
7;340
6;353
5;363
4;373
3;408
2;421
1;429
0;591
99;0
98;1
97;2
96;3
95;4
94;5
93;6
92;7
91;9
90;10
89;11
88;12
87;13
86;14
85;15
84;16
83;17
82;18
81;19
80;20
79;21
78;22
77;23
76;24
75;25
74;27
73;32
72;34
71;36
70;37
69;39
68;40
67;41
66;42
65;43
64;44
63;45
62;49
61;50
60;52
59;53
58;55
57;56
56;57
55;59
54;60
53;61
52;63
51;68
50;71
49;73
48;75
47;76
46;77
45;82
44;83
43;85
42;86
41;87
40;95
39;96
38;97
37;98
36;100
35;103
34;104
33;107
32;109
31;110
30;114
29;116
28;118
27;123
26;128
25;129
24;130
23;135
22;138
21;140
20;144
19;145
18;148
17;176
16;185
15;190
14;193
13;200
12;201
11;209
10;220
9;225
8;231
7;248
6;255
5;288
4;299
3;358
2;381
1;432
0;562
99;0
98;1
97;2
96;3
95;4
94;5
93;6
92;7
91;8
90;9
89;10
88;11
87;14
86;15
85;16
84;17
83;19
82;20
81;21
80;22
79;23
78;25
77;27
76;28
75;29
74;31
73;32
72;33
71;34
70;35
69;37
68;40
67;41
66;43
65;44
64;46
63;49
62;51
61;54
60;55
59;56
58;57
57;58
56;59
55;60
54;62
53;64
52;65
51;66
50;67
49;72
48;75
47;76
46;78
45;79
44;82
43;83
42;85
41;94
40;103
39;107
38;108
37;109
36;112
35;113
34;114
33;120
32;128
31;130
30;132
29;133
28;134
27;136
26;138
25;146
24;154
23;158
22;171
21;177
20;178
19;179
18;180
17;183
16;184
15;193
14;200
13;201
12;217
11;223
10;228
9;245
8;256
7;257
6;258
5;292
4;308
3;332
2;368
1;431
0;484
99;0
98;1
97;2
96;3
95;4
94;5
93;6
92;7
91;8
90;9
89;10
88;11
87;12
86;13
85;14
84;15
83;16
82;17
81;18
80;20
79;22
78;24
77;25
76;27
75;29
74;30
73;31
72;34
71;36
70;37
69;38
68;39
67;40
66;41
65;42
64;43
63;44
62;46
61;47
60;48
59;49
58;51
57;52
56;53
55;54
54;55
53;56
52;57
51;58
50;60
49;61
48;63
47;64
46;65
45;69
44;71
43;72
42;74
41;75
40;76
39;77
38;82
37;83
36;88
35;89
34;91
33;93
32;95
31;96
30;99
29;101
28;102
27;106
26;120
25;124
24;133
23;135
22;137
21;141
20;142
19;146
18;148
17;161
16;178
15;179
14;180
13;184
12;189
11;191
10;192
9;197
8;235
7;239
6;266
5;282
4;299
3;338
2;371
1;539
0;641
99;0
98;1
97;3
96;4
95;5
94;6
93;7
92;8
91;10
90;11
89;12
88;13
87;14
86;15
85;16
84;19
83;22
82;24
81;25
80;26
79;27
78;29
77;30
76;31
75;32
74;33
73;34
72;37
71;39
70;41
69;45
68;46
67;47
66;50
65;52
64;54
63;56
62;58
61;59
60;61
59;63
58;64
57;66
56;67
55;68
54;69
53;70
52;74
51;75
50;77
49;78
48;79
47;81
46;82
45;90
44;91
43;92
42;93
41;98
40;110
39;111
38;116
37;118
36;121
35;122
34;125
33;128
32;131
31;132
30;138
29;141
28;143
27;144
26;146
25;147
24;148
23;151
22;155
21;156
20;159
19;169
18;171
17;177
16;186
15;187
14;211
13;215
12;220
11;230
10;233
9;234
8;236
7;249
6;256
5;277
4;291
3;301
2;305
1;403
0;416
99;0
98;1
97;2
96;3
95;4
94;5
93;6
92;7
91;8
90;9
89;10
88;11
87;12
86;13
85;14
84;15
83;16
82;17
81;18
80;19
79;20
78;22
77;23
76;26
75;27
74;28
73;29
72;30
71;31
70;35
69;37
68;38
67;39
66;41
65;42
64;44
63;45
62;48
61;50
60;51
59;52
58;54
57;55
56;56
55;57
54;58
53;62
52;63
51;67
50;71
49;72
48;74
47;75
46;76
45;77
44;80
43;81
42;88
41;90
40;92
39;97
38;98
37;107
36;108
35;109
34;113
33;114
32;118
31;119
30;120
29;122
28;125
27;127
26;128
25;129
24;132
23;134
22;135
21;137
20;144
19;158
18;161
17;171
16;192
15;204
14;210
13;216
12;225
11;249
10;262
9;263
8;269
7;280
6;284
5;308
4;333
3;340
2;348
1;393
0;433
99;0
98;1
97;2
96;3
95;4
94;5
93;6
92;7
91;8
90;9
89;10
88;11
87;13
86;14
85;15
84;16
83;17
82;18
81;19
80;20
79;22
78;25
77;26
76;28
75;29
74;30
73;31
72;32
71;34
70;35
69;36
68;38
67;39
66;40
65;42
64;43
63;44
62;47
61;49
60;51
59;52
58;54
57;55
56;58
55;59
54;60
53;64
52;66
51;70
50;73
49;75
48;76
47;77
46;78
45;86
44;93
43;96
42;99
41;101
40;104
39;107
38;110
37;113
36;118
35;120
34;122
33;129
32;134
31;135
30;137
29;139
28;140
27;143
26;145
25;146
24;152
23;165
22;170
21;187
20;188
19;190
18;194
17;201
16;205
15;211
14;220
13;221
12;246
11;256
10;257
9;268
8;273
7;280
6;283
5;291
4;305
3;353
2;399
1;404
0;472
99;0
98;1
97;2
96;3
95;4
94;5
93;6
92;7
91;8
90;9
89;10
88;11
87;12
86;13
85;14
84;15
83;16
82;17
81;18
80;19
79;20
78;21
77;22
76;24
75;26
74;27
73;28
72;29
71;30
70;31
69;32
68;33
67;34
66;35
65;37
64;38
63;39
62;40
61;41
60;43
59;44
58;48
57;50
56;51
55;52
54;55
53;56
52;57
51;58
50;59
49;60
48;63
47;64
46;68
45;69
44;70
43;73
42;74
41;76
40;77
39;89
38;96
37;102
36;107
35;110
34;111
33;114
32;117
31;123
30;127
29;128
28;129
27;139
26;141
25;148
24;158
23;161
22;166
21;169
20;173
19;181
18;190
17;200
16;206
15;212
14;217
13;237
12;238
11;243
10;254
9;261
8;273
7;292
6;306
5;307
4;366
3;379
2;384
1;426
0;651
99;0
98;1
97;2
96;3
95;4
94;6
93;7
92;8
91;9
90;10
89;11
88;12
87;13
86;14
85;17
84;19
83;20
82;21
81;22
80;23
79;24
78;26
77;27
76;28
75;29
74;30
73;31
72;32
71;33
70;35
69;37
68;38
67;39
66;40
65;43
64;44
63;46
62;47
61;49
60;50
59;51
58;52
57;55
56;56
55;57
54;60
53;62
52;63
51;66
50;70
49;72
48;73
47;74
46;75
45;79
44;82
43;84
42;85
41;87
40;89
39;90
38;91
37;96
36;99
35;102
34;103
33;104
32;107
31;108
30;112
29;117
28;121
27;122
26;123
25;130
24;154
23;155
22;157
21;158
20;171
19;183
18;185
17;186
16;195
15;200
14;206
13;207
12;210
11;218
10;220
9;226
8;248
7;263
6;276
5;331
4;369
3;401
2;428
1;511
0;563
99;0
98;1
97;2
96;3
95;4
94;5
93;6
92;7
91;9
90;11
89;12
88;13
87;14
86;15
85;16
84;17
83;18
82;20
81;21
80;22
79;25
78;26
77;28
76;29
75;30
74;31
73;32
72;34
71;36
70;37
69;39
68;41
67;43
66;47
65;48
64;49
63;50
62;51
61;53
60;54
59;55
58;56
57;57
56;58
55;59
54;67
53;69
52;73
51;74
50;75
49;76
48;80
47;82
46;91
45;94
44;96
43;99
42;100
41;101
40;103
39;106
38;107
37;108
36;110
35;111
34;112
33;118
32;119
31;121
30;123
29;124
28;127
27;128
26;130
25;131
24;132
23;137
22;144
21;155
20;158
19;161
18;168
17;176
16;180
15;181
14;193
13;208
12;221
11;246
10;256
9;257
8;264
7;333
6;335
5;337
4;344
3;347
2;372
1;396
0;442
99;0
98;1
97;2
96;3
95;4
94;5
93;6
92;7
91;8
90;9
89;10
88;11
87;12
86;13
85;14
84;15
83;16
82;18
81;19
80;20
79;21
78;22
77;23
76;24
75;25
74;27
73;28
72;29
71;30
70;34
69;35
68;36
67;37
66;38
65;40
64;41
63;42
62;44
61;45
60;49
59;51
58;52
57;54
56;55
55;56
54;57
53;59
52;60
51;63
50;64
49;65
48;69
47;72
46;73
45;74
44;75
43;76
42;78
41;80
40;83
39;89
38;94
37;95
36;96
35;97
34;107
33;108
32;114
31;117
30;119
29;120
28;122
27;123
26;124
25;127
24;129
23;135
22;137
21;143
20;147
19;149
18;153
17;157
16;168
15;171
14;175
13;213
12;216
11;240
10;243
9;246
8;247
7;256
6;295
5;300
4;318
3;322
2;329
1;407
0;410
99;0
98;1
97;2
96;3
95;4
94;5
93;6
92;7
91;8
90;10
89;11
88;12
87;13
86;14
85;16
84;17
83;18
82;19
81;20
80;21
79;22
78;23
77;24
76;25
75;26
74;27
73;29
72;30
71;31
70;32
69;33
68;34
67;35
66;36
65;38
64;39
63;40
62;41
61;42
60;43
59;44
58;48
57;49
56;51
55;52
54;54
53;56
52;57
51;60
50;61
49;62
48;66
47;67
46;68
45;69
44;73
43;76
42;77
41;84
40;86
39;87
38;91
37;92
36;93
35;95
34;97
33;100
32;101
31;107
30;109
29;110
28;112
27;121
26;122
25;127
24;129
23;130
22;132
21;134
20;140
19;141
18;142
17;149
16;156
15;157
14;160
13;162
12;187
11;196
10;201
9;211
8;238
7;240
6;257
5;258
4;262
3;334
2;336
1;404
0;747
99;0
98;1
97;2
96;3
95;4
94;5
93;6
92;7
91;8
90;9
89;10
88;11
87;13
86;14
85;15
84;16
83;17
82;20
81;21
80;22
79;24
78;26
77;27
76;28
75;30
74;31
73;32
72;33
71;34
70;36
69;38
68;39
67;40
66;42
65;43
64;44
63;47
62;48
61;50
60;51
59;53
58;54
57;56
56;57
55;59
54;61
53;62
52;66
51;67
50;71
49;73
48;82
47;83
46;84
45;90
44;92
43;94
42;96
41;99
40;112
39;113
38;114
37;115
36;116
35;126
34;127
33;128
32;129
31;130
30;133
29;136
28;142
27;150
26;151
25;159
24;161
23;169
22;175
21;181
20;187
19;188
18;199
17;200
16;216
15;218
14;219
13;226
12;251
11;255
10;258
9;275
8;287
7;290
6;301
5;307
4;335
3;345
2;395
1;409
0;501
99;0
98;1
97;2
96;3
95;4
94;5
93;6
92;7
91;8
90;9
89;11
88;12
87;13
86;14
85;15
84;16
83;20
82;21
81;23
80;24
79;26
78;27
77;28
76;29
75;32
74;33
73;34
72;35
71;36
70;37
69;38
68;39
67;40
66;42
65;44
64;45
63;47
62;49
61;50
60;51
59;52
58;54
57;55
56;57
55;58
54;60
53;62
52;63
51;65
50;66
49;68
48;71
47;73
46;75
45;77
44;78
43;82
42;87
41;88
40;89
39;90
38;91
37;95
36;96
35;99
34;100
33;107
32;109
31;110
30;111
29;113
28;115
27;119
26;120
25;128
24;133
23;138
22;153
21;158
20;160
19;162
18;165
17;170
16;174
15;176
14;179
13;190
12;213
11;224
10;231
9;239
8;250
7;258
6;259
5;260
4;262
3;266
2;280
1;285
0;427
99;0
98;1
97;2
96;3
95;4
94;5
93;6
92;7
91;8
90;9
89;10
88;12
87;14
86;15
85;16
84;17
83;18
82;19
81;20
80;23
79;24
78;26
77;27
76;28
75;29
74;31
73;32
72;33
71;34
70;35
69;38
68;39
67;40
66;43
65;44
64;46
63;47
62;49
61;51
60;52
59;53
58;54
57;56
56;58
55;59
54;62
53;64
52;65
51;66
50;68
49;69
48;70
47;72
46;73
45;77
44;79
43;81
42;83
41;85
40;86
39;87
38;88
37;91
36;93
35;102
34;105
33;109
32;117
31;127
30;135
29;140
28;151
27;158
26;168
25;176
24;178
23;186
22;191
21;193
20;200
19;201
18;208
17;211
16;220
15;224
14;226
13;228
12;251
11;252
10;262
9;270
8;271
7;276
6;282
5;289
4;293
3;356
2;368
1;442
0;445
99;0
98;1
97;2
96;3
95;4
94;5
93;6
92;7
91;8
90;10
89;11
88;12
87;13
86;15
85;16
84;18
83;21
82;22
81;23
80;24
79;25
78;26
77;27
76;28
75;29
74;30
73;32
72;33
71;35
70;36
69;40
68;42
67;43
66;44
65;46
64;48
63;49
62;51
61;52
60;53
59;54
58;55
57;58
56;60
55;61
54;65
53;66
52;67
51;68
50;69
49;70
48;71
47;72
46;73
45;76
44;81
43;82
42;87
41;89
40;93
39;94
38;95
37;99
36;100
35;103
34;104
33;108
32;110
31;111
30;112
29;115
28;116
27;122
26;124
25;126
24;132
23;143
22;145
21;148
20;150
19;157
18;160
17;184
16;193
15;199
14;205
13;217
12;223
11;232
10;241
9;242
8;268
7;277
6;283
5;285
4;299
3;321
2;364
1;394
0;406
99;0
98;1
97;2
96;3
95;4
94;5
93;6
92;7
91;8
90;9
89;10
88;11
87;12
86;13
85;14
84;15
83;16
82;17
81;18
80;19
79;20
78;21
77;22
76;23
75;24
74;25
73;26
72;27
71;28
70;30
69;32
68;34
67;35
66;36
65;37
64;38
63;39
62;41
61;42
60;44
59;47
58;49
57;50
56;51
55;52
54;56
53;59
52;63
51;64
50;65
49;71
48;74
47;77
46;78
45;82
44;84
43;85
42;87
41;88
40;91
39;97
38;98
37;100
36;102
35;104
34;105
33;116
32;119
31;127
30;136
29;144
28;147
27;148
26;150
25;157
24;165
23;166
22;175
21;176
20;178
19;184
18;186
17;191
16;195
15;201
14;207
13;214
12;223
11;229
10;252
9;257
8;263
7;264
6;268
5;272
4;273
3;329
2;350
1;359
0;372
99;0
98;1
97;2
96;3
95;4
94;5
93;6
92;7
91;8
90;9
89;10
88;11
87;12
86;13
85;14
84;17
83;18
82;19
81;20
80;22
79;24
78;25
77;27
76;28
75;29
74;30
73;31
72;32
71;33
70;35
69;36
68;38
67;39
66;40
65;41
64;42
63;44
62;45
61;46
60;47
59;48
58;49
57;50
56;52
55;53
54;55
53;56
52;57
51;58
50;61
49;63
48;65
47;68
46;73
45;75
44;77
43;78
42;80
41;81
40;88
39;89
38;91
37;94
36;95
35;98
34;99
33;103
32;104
31;105
30;106
29;109
28;112
27;118
26;119
25;129
24;132
23;133
22;141
21;150
20;154
19;161
18;164
17;166
16;168
15;170
14;172
13;183
12;191
11;204
10;228
9;256
8;285
7;306
6;309
5;314
4;321
3;325
2;358
1;457
0;827
99;0
98;1
97;2
96;3
95;4
94;5
93;6
92;7
91;9
90;10
89;11
88;12
87;13
86;14
85;17
84;18
83;19
82;20
81;22
80;23
79;24
78;26
77;28
76;29
75;30
74;32
73;33
72;35
71;36
70;39
69;41
68;42
67;44
66;47
65;48
64;49
63;50
62;51
61;52
60;53
59;54
58;58
57;59
56;62
55;64
54;65
53;67
52;69
51;70
50;73
49;78
48;80
47;81
46;82
45;83
44;85
43;86
42;91
41;92
40;95
39;96
38;97
37;99
36;100
35;103
34;110
33;112
32;113
31;116
30;117
29;118
28;119
27;123
26;124
25;128
24;129
23;130
22;133
21;137
20;139
19;140
18;145
17;148
16;152
15;153
14;156
13;159
12;176
11;181
10;183
9;185
8;189
7;196
6;223
5;230
4;234
3;313
2;321
1;423
0;432
99;0
98;1
97;2
96;3
95;4
94;5
93;6
92;7
91;8
90;9
89;10
88;11
87;12
86;13
85;14
84;15
83;17
82;19
81;20
80;21
79;22
78;23
77;24
76;25
75;26
74;27
73;29
72;30
71;33
70;36
69;38
68;41
67;43
66;45
65;46
64;47
63;49
62;51
61;52
60;53
59;54
58;55
57;56
56;57
55;58
54;60
53;62
52;66
51;68
50;69
49;70
48;72
47;73
46;75
45;76
44;78
43;79
42;81
41;82
40;83
39;85
38;86
37;87
36;92
35;94
34;95
33;97
32;100
31;102
30;106
29;108
28;109
27;111
26;112
25;114
24;116
23;128
22;129
21;131
20;139
19;140
18;142
17;150
16;167
15;169
14;170
13;178
12;188
11;193
10;207
9;236
8;241
7;259
6;265
5;269
4;271
3;277
2;285
1;302
0;459
99;0
98;1
97;2
96;3
95;5
94;6
93;7
92;8
91;9
90;10
89;11
88;12
87;13
86;14
85;15
84;16
83;17
82;18
81;19
80;20
79;21
78;22
77;24
76;26
75;27
74;29
73;30
72;31
71;34
70;36
69;37
68;38
67;40
66;41
65;42
64;44
63;46
62;47
61;48
60;50
59;51
58;52
57;53
56;59
55;60
54;61
53;62
52;63
51;64
50;65
49;68
48;69
47;70
46;71
45;73
44;74
43;78
42;80
41;82
40;83
39;86
38;88
37;90
36;91
35;94
34;100
33;101
32;102
31;106
30;110
29;117
28;121
27;122
26;123
25;125
24;128
23;131
22;138
21;139
20;140
19;142
18;147
17;153
16;154
15;160
14;161
13;166
12;186
11;210
10;219
9;234
8;254
7;255
6;270
5;276
4;295
3;302
2;313
1;344
0;350
